3-fnn-rnn-dataset-glove-glove6B300d-particular.csv;0.9228833953183111;0.6392464213950937;0.9468516328571585;0.9228833953183111;0.5955143365438023;0.9833177739256895;0.9228833953183111;0.9327387936393672;0.9228833953183111;64830629400;7200989600
3-fnn-rnn-dataset-glove-glove6B300d-particular.csv;0.9328812076132137;0.6563428108176024;0.9527900298583761;0.9328812076132137;0.6062545454481962;0.9835593273814851;0.9328812076132137;0.9333637023815304;0.9328812076132137;65265463600;7115103700
3-fnn-rnn-dataset-glove-glove6B300d-particular.csv;0.9290730490712988;0.6505822267537168;0.950570490449013;0.9290730490712988;0.6025281964283712;0.9837038633063799;0.9290730490712988;0.9381009045542631;0.9290730490712988;66685160400;9444967900
3-fnn-rnn-dataset-glove-glove6B300d-particular.csv;0.9225097901944912;0.6380972164687312;0.9466267074305347;0.9225097901944912;0.5947912113543941;0.9832373639787477;0.9225097901944912;0.9308377884767081;0.9225097901944912;64879037400;7094013200
3-fnn-rnn-dataset-glove-glove6B300d-particular.csv;0.9248944409197314;0.641760502238001;0.9480337216157158;0.9248944409197314;0.597014321593492;0.9832564870825313;0.9248944409197314;0.9303745396283947;0.9248944409197314;72246389200;10018627500
3-fnn-rnn-dataset-glove-glove6B300d-particular.csv;0.9222472598394189;0.6384426101792011;0.9464950828343163;0.9222472598394189;0.5950270151630166;0.9833851514926497;0.9222472598394189;0.9340617010240031;0.9222472598394189;67689177400;7216365600
3-fnn-rnn-dataset-glove-glove6B300d-particular.csv;0.9245006453871228;0.6425338443240014;0.9478311825033665;0.9245006453871228;0.597533241019841;0.9834894743083409;0.9245006453871228;0.9357991232642916;0.9245006453871228;66952501600;7131155600
3-fnn-rnn-dataset-glove-glove6B300d-particular.csv;0.9289199063641733;0.6494904969440196;0.9504392299407574;0.9289199063641733;0.6018519029024324;0.9834992546282767;0.9289199063641733;0.9341391696108904;0.9289199063641733;67886366000;7192444400
3-fnn-rnn-dataset-glove-glove6B300d-particular.csv;0.9320046380362729;0.653809191364418;0.9522370341578622;0.932004638036273;0.6046281932622756;0.9833578058439589;0.932004638036273;0.9295630076089973;0.932004638036273;64398354200;7199957100
3-fnn-rnn-dataset-glove-glove6B300d-particular.csv;0.9270603163490778;0.6454387310069583;0.9493068799554049;0.9270603163490778;0.5993031191425963;0.9832837050646863;0.9270603163490778;0.9303963226299508;0.9270603163490778;66123127900;6867988500
