3-fnn-dataset-fasttext-crawl-300d-2M-particular.csv;0.8716870004206984;0.5723996722555598;0.915545616132385;0.8716870004206984;0.5596528425361669;0.978843209197121;0.8716870004206984;0.86593325103992;0.8716870004206984;10936488100;1487987600
3-fnn-dataset-fasttext-crawl-300d-2M-particular.csv;0.860593848947147;0.5637265643890153;0.9089309029836422;0.860593848947147;0.5561723639765193;0.9790087213593327;0.860593848947147;0.8677134240602753;0.860593848947147;16138023300;1633000400
3-fnn-dataset-fasttext-crawl-300d-2M-particular.csv;0.8381861258109514;0.5470093469919186;0.8953616042114408;0.8381861258109514;0.549899451841177;0.9790650736734275;0.8381861258109514;0.8648381662831677;0.8381861258109514;13799713000;1597034700
3-fnn-dataset-fasttext-crawl-300d-2M-particular.csv;0.8232402630471847;0.5371929060565597;0.8861842161865907;0.8232402630471847;0.5467440190965025;0.979255512676093;0.8232402630471847;0.8646434626629209;0.8232402630471847;16192304600;1631232700
3-fnn-dataset-fasttext-crawl-300d-2M-particular.csv;0.8713520216110889;0.5731357323799452;0.9153718680558259;0.8713520216110889;0.5602201169368937;0.9791110328520521;0.8713520216110889;0.871078141953751;0.8713520216110889;15220499100;1628732100
3-fnn-dataset-fasttext-crawl-300d-2M-particular.csv;0.8237899118728135;0.5391031081334956;0.8865599272574954;0.8237899118728135;0.5479676796584274;0.9798246660516327;0.8237899118728135;0.8749760988579948;0.8237899118728135;16482167100;1710371700
3-fnn-dataset-fasttext-crawl-300d-2M-particular.csv;0.8661485319516408;0.5701266255581386;0.9123009987728172;0.8661485319516408;0.5592998480325689;0.9795023196572192;0.8661485319516408;0.8779907903018902;0.8661485319516408;15828555900;1605565800
3-fnn-dataset-fasttext-crawl-300d-2M-particular.csv;0.8744741154067579;0.5749678088680855;0.9172065574965912;0.8744741154067579;0.5608063755499446;0.9788756171534505;0.8744741154067579;0.8668242356585969;0.8744741154067579;16434137900;1622522700
3-fnn-dataset-fasttext-crawl-300d-2M-particular.csv;0.8421239094814225;0.5507925802769592;0.8977948673579971;0.8421239094814225;0.5515819925956637;0.9793955833329535;0.8421239094814225;0.8715758599975099;0.8421239094814225;15759767800;1633827900
3-fnn-dataset-fasttext-crawl-300d-2M-particular.csv;0.8380496877906204;0.5455519212657847;0.8952704917519817;0.8380496877906204;0.548922512774695;0.9786847012762695;0.8380496877906204;0.8572698530781984;0.8380496877906204;16326018700;1586983200
