3-fnn-rnn-dataset-glove-glove840B300d-particular.csv;0.9055521632937893;0.6206872197724909;0.9361827253025592;0.9055521632937893;0.5855914198807914;0.982650920221762;0.9055521632937893;0.9364031092312108;0.9055521632937893;90005404000;10018297600
3-fnn-rnn-dataset-glove-glove840B300d-particular.csv;0.9053558967201675;0.6187992996520042;0.9360022735684455;0.9053558967201675;0.5843867432326952;0.9822308384555775;0.9053558967201675;0.9283601714545062;0.9053558967201675;89713147700;8959719900
3-fnn-rnn-dataset-glove-glove840B300d-particular.csv;0.8998364409551848;0.6111593395569215;0.9327226883202465;0.8998364409551848;0.5801982467280715;0.9820262499880756;0.8998364409551848;0.92445667357323;0.8998364409551848;90134076300;9932588200
3-fnn-rnn-dataset-glove-glove840B300d-particular.csv;0.9246538000218079;0.6454474558858827;0.9474269705759004;0.9246538000218079;0.5998667682609625;0.9823408017831994;0.9246538000218079;0.9254341955168439;0.9246538000218079;90747640100;10014201000
3-fnn-rnn-dataset-glove-glove840B300d-particular.csv;0.9355577363428198;0.6653551320407473;0.9539651412131217;0.9355577363428198;0.6128250883101376;0.9827442635729544;0.9355577363428198;0.9278110049896899;0.9355577363428198;88788341000;9843084600
3-fnn-rnn-dataset-glove-glove840B300d-particular.csv;0.9251771889652164;0.648933182642798;0.9478262636305048;0.9251771889652164;0.6020775006767177;0.9828905582077189;0.9251771889652164;0.9363246932176146;0.9251771889652164;89531235600;8993861700
3-fnn-rnn-dataset-glove-glove840B300d-particular.csv;0.9288409115690764;0.6544284661902935;0.9499883050030197;0.9288409115690764;0.6055571739899382;0.9828286871179167;0.9288409115690764;0.9334135982554503;0.9288409115690764;90816819900;9943125100
3-fnn-rnn-dataset-glove-glove840B300d-particular.csv;0.9202049940028351;0.6410659130024232;0.9448690213141382;0.9202049940028351;0.5972554799766773;0.9828063022147142;0.9202049940028351;0.9364434407594475;0.9202049940028351;90915691300;9916162900
3-fnn-rnn-dataset-glove-glove840B300d-particular.csv;0.9239341402246211;0.645991088715188;0.9470555872503374;0.9239341402246211;0.6002335375087339;0.9826766189328275;0.9239341402246211;0.9325033854937452;0.9239341402246211;88663339600;9988289400
3-fnn-rnn-dataset-glove-glove840B300d-particular.csv;0.916497655653691;0.6347328326004387;0.9426424424578326;0.916497655653691;0.5934532838383462;0.9825795352537646;0.916497655653691;0.9329582203206095;0.916497655653691;90214305600;9855539900
