3-fnn-dataset-fasttext-wiki-news-300d-1M-subword-particular.csv;0.8653108851475246;0.569199308177851;0.9111543836357204;0.8653108851475246;0.5586883290935842;0.9776436346551363;0.8653108851475246;0.8584237966784302;0.8653108851475246;15710549800;1504989600
3-fnn-dataset-fasttext-wiki-news-300d-1M-subword-particular.csv;0.8495463529635892;0.5578049899144011;0.9016696009750159;0.8495463529635892;0.5544167803466207;0.9779432557319492;0.8495463529635892;0.8619277100572524;0.8495463529635892;13755737100;1581110900
3-fnn-dataset-fasttext-wiki-news-300d-1M-subword-particular.csv;0.8404219851400266;0.5512371475671417;0.8961416896710386;0.8404219851400266;0.552037200632457;0.978076073137136;0.8404219851400266;0.8621221899572615;0.8404219851400266;15406790900;1532027400
3-fnn-dataset-fasttext-wiki-news-300d-1M-subword-particular.csv;0.8427319489426558;0.5515006053035961;0.897521792716113;0.8427319489426558;0.5516615380612951;0.9776296073345268;0.8427319489426558;0.8545484068581422;0.8427319489426558;11623578200;1517011400
3-fnn-dataset-fasttext-wiki-news-300d-1M-subword-particular.csv;0.8560201943227281;0.5603670261506604;0.9055418424240315;0.8560201943227281;0.554697498551845;0.977272413466474;0.8560201943227281;0.8503946968902725;0.8560201943227281;15525996400;1447000300
3-fnn-dataset-fasttext-wiki-news-300d-1M-subword-particular.csv;0.8664031244046485;0.5680041877358386;0.9117529226880688;0.8664031244046485;0.5576401178281596;0.9770720652670418;0.8664031244046485;0.8480394382260636;0.8664031244046485;15557385900;1517133600
3-fnn-dataset-fasttext-wiki-news-300d-1M-subword-particular.csv;0.8255620118117737;0.5381943463711816;0.8869741085258551;0.8255620118117737;0.5465428702761912;0.9772303296287428;0.8255620118117737;0.8435882181761649;0.8255620118117737;12986824400;1458000700
3-fnn-dataset-fasttext-wiki-news-300d-1M-subword-particular.csv;0.838302533815965;0.55082135512292;0.894867711858503;0.838302533815965;0.5522666269012825;0.9784372317633452;0.838302533815965;0.8681519471709624;0.838302533815965;15444501400;1517492200
3-fnn-dataset-fasttext-wiki-news-300d-1M-subword-particular.csv;0.8438512097542389;0.5523883114024046;0.8982042879506458;0.8438512097542389;0.5520116430886026;0.977648947674877;0.8438512097542389;0.8551202108388711;0.8438512097542389;15402099600;1475230400
3-fnn-dataset-fasttext-wiki-news-300d-1M-subword-particular.csv;0.8444941893694037;0.5509132678543446;0.8985548609443373;0.8444941893694037;0.5508322661853613;0.9770555138276442;0.8444941893694037;0.8445063324929782;0.8444941893694037;15676773800;1539996900
