3-fnn-dataset-fasttext-crawl-300d-2M-subword-particular.csv;0.8573706591070163;0.5595692262056805;0.9069400637431468;0.8573706591070163;0.5540506625625252;0.9785104793632495;0.8573706591070163;0.8581694092652143;0.8573706591070163;16539314200;1575990000
3-fnn-dataset-fasttext-crawl-300d-2M-subword-particular.csv;0.865543054571226;0.5663228941056189;0.9118402040494802;0.865543054571226;0.5568437948727771;0.9785568583709925;0.865543054571226;0.86021680693947;0.865543054571226;15934811700;1632999600
3-fnn-dataset-fasttext-crawl-300d-2M-subword-particular.csv;0.8484895464209781;0.5552590553519235;0.9016362232655861;0.8484895464209781;0.5531432290763376;0.9792495090270901;0.8484895464209781;0.8706281207040891;0.8484895464209781;15969422900;1556988100
3-fnn-dataset-fasttext-crawl-300d-2M-subword-particular.csv;0.8696846208362863;0.56959242772481;0.9143060423678477;0.8696846208362863;0.5581730271333886;0.9785040372307555;0.8696846208362863;0.8596757827232231;0.8696846208362863;15272538500;1592719500
3-fnn-dataset-fasttext-crawl-300d-2M-subword-particular.csv;0.8658752657689582;0.5685716115035028;0.9120865429086664;0.8658752657689582;0.5582982550906233;0.979088790169513;0.8658752657689582;0.8704752763973373;0.8658752657689582;16016147900;1612315400
3-fnn-dataset-fasttext-crawl-300d-2M-subword-particular.csv;0.8500841601700921;0.5556181285193921;0.902568093603468;0.8500841601700921;0.5530089781099773;0.978950503546851;0.8500841601700921;0.8656634446639347;0.8500841601700921;15783712100;1667824900
3-fnn-dataset-fasttext-crawl-300d-2M-subword-particular.csv;0.8548901488306165;0.5590375562109692;0.9054628313566117;0.8548901488306165;0.5542457246579807;0.978866017959793;0.8548901488306165;0.8649341442120636;0.8548901488306165;16154456900;1682209700
3-fnn-dataset-fasttext-crawl-300d-2M-subword-particular.csv;0.8442593905031892;0.552131951226576;0.8990543141211356;0.8442593905031892;0.5519816900974198;0.9792205375210427;0.8442593905031892;0.8695855733800693;0.8442593905031892;15740936700;1644128800
3-fnn-dataset-fasttext-crawl-300d-2M-subword-particular.csv;0.8506599929128278;0.555900459421115;0.9029130014189977;0.8506599929128278;0.5530687333711172;0.9789042833880786;0.8506599929128278;0.8648965554458063;0.8506599929128278;15897670300;1617009000
3-fnn-dataset-fasttext-crawl-300d-2M-subword-particular.csv;0.8336064847625797;0.5436516995282322;0.892538419245902;0.8336064847625797;0.5486711842173057;0.9789755546111417;0.8336064847625797;0.8625567435434711;0.8336064847625797;15827013500;1683999300
