3-fnn-rnn-dataset-fasttext-crawl-300d-2M-particular.csv;0.9167238668821823;0.6379525900807982;0.9426876514563409;0.9167238668821823;0.5956222174413028;0.9826793018183956;0.9167238668821823;0.9388896063261969;0.9167238668821823;67420990900;6954990500
3-fnn-rnn-dataset-fasttext-crawl-300d-2M-particular.csv;0.931891149835042;0.6616004977044017;0.9516993838365392;0.931891149835042;0.6103965485687217;0.9827389525643975;0.931891149835042;0.9338730384327321;0.931891149835042;70028077100;7347527500
3-fnn-rnn-dataset-fasttext-crawl-300d-2M-particular.csv;0.9237650288953346;0.6476375279840692;0.9468263026707904;0.9237650288953346;0.6014530458324372;0.9825079513836409;0.9237650288953346;0.9334762549104316;0.9237650288953346;70165778300;7271863400
3-fnn-rnn-dataset-fasttext-crawl-300d-2M-particular.csv;0.9322232801186813;0.6614526374299929;0.9518590120432955;0.9322232801186813;0.6103411642654809;0.9825579063878157;0.9322232801186813;0.930359550560696;0.9322232801186813;68145967700;7347423000
3-fnn-rnn-dataset-fasttext-crawl-300d-2M-particular.csv;0.9202648244099021;0.6428320599658134;0.9447788317095996;0.9202648244099021;0.5985154286503959;0.9826355803425585;0.9202648244099021;0.9369758268801169;0.9202648244099021;69588094800;7216127800
3-fnn-rnn-dataset-fasttext-crawl-300d-2M-particular.csv;0.9542535760152341;0.7109787678642692;0.9653270009361377;0.9542535760152341;0.6469603517892958;0.9835625181053584;0.9542535760152341;0.9288078393831476;0.9542535760152341;69272676400;7133570700
3-fnn-rnn-dataset-fasttext-crawl-300d-2M-particular.csv;0.9269297196758337;0.6539179353589837;0.9487641284335233;0.9269297196758337;0.6053973345898481;0.9828302123788384;0.9269297196758337;0.938251302994179;0.9269297196758337;66233679900;7199797700
3-fnn-rnn-dataset-fasttext-crawl-300d-2M-particular.csv;0.9353438731677074;0.6692492238308229;0.9538157343787108;0.9353438731677074;0.6154747224646749;0.9830662867806597;0.9353438731677074;0.9382932703440225;0.9353438731677074;68943942400;7003242000
3-fnn-rnn-dataset-fasttext-crawl-300d-2M-particular.csv;0.9342588902174395;0.6667444932374181;0.9531474707026215;0.9342588902174395;0.6138019700982327;0.982950344814077;0.9342588902174395;0.936676312530707;0.9342588902174395;67853893500;7376004300
3-fnn-rnn-dataset-fasttext-crawl-300d-2M-particular.csv;0.9259775917807006;0.6521930284688048;0.9481911138383254;0.9259775917807006;0.6043046593456253;0.9827845179226111;0.9259775917807006;0.9377653284456833;0.9259775917807006;68259279000;7113986200
