3-main-fnn-rnn-dataset-glove-glove840B300d-particular.csv;0.9300991588114933;0.6519241601476022;0.9512297492064988;0.9300991588114933;0.6033149552326664;0.9838263976173188;0.9300991588114933;0.938731712016466;0.9300991588114933;93413166100;8321567300
3-main-fnn-rnn-dataset-glove-glove840B300d-particular.csv;0.9358003532641962;0.6613720730941177;0.9545927941609155;0.9358003532641962;0.6094898168361549;0.9837761886340047;0.9358003532641962;0.934440879900437;0.9358003532641962;84277332500;12761789600
3-main-fnn-rnn-dataset-glove-glove840B300d-particular.csv;0.9249925674612196;0.6420577789494607;0.9481614081822247;0.9249925674612196;0.5971470554214928;0.9834744471236249;0.9249925674612196;0.9334299898313995;0.9249925674612196;87182287900;8627455700
3-main-fnn-rnn-dataset-glove-glove840B300d-particular.csv;0.9335093824871898;0.6586278855470765;0.9532773215978877;0.9335093824871898;0.6076246548682077;0.9840129269282576;0.9335093824871898;0.9409197603043155;0.9335093824871898;84870424600;13544054800
3-main-fnn-rnn-dataset-glove-glove840B300d-particular.csv;0.9221231199720182;0.637709317802708;0.9464815568512522;0.9221231199720182;0.5945119348179795;0.9834954078738996;0.9221231199720182;0.9346428788755463;0.9221231199720182;77795603900;9417149700
3-main-fnn-rnn-dataset-glove-glove840B300d-particular.csv;0.9189052116124519;0.6319561733120136;0.944554382914119;0.9189052116124519;0.5910626600912198;0.9832672019994069;0.9189052116124519;0.9307515733607425;0.9189052116124519;81217111700;7967893800
3-main-fnn-rnn-dataset-glove-glove840B300d-particular.csv;0.8994753410283316;0.6068091737606686;0.9331130846512872;0.8994753410283316;0.5772874685428321;0.9831547527361224;0.8994753410283316;0.9312031467165738;0.8994753410283316;82563114000;8755705300
3-main-fnn-rnn-dataset-glove-glove840B300d-particular.csv;0.9303427771948234;0.6497599209798333;0.9512909608951199;0.9303427771948234;0.6019537306616459;0.9833338049748508;0.9303427771948234;0.9280606528498596;0.9303427771948234;85209306200;9537132500
3-main-fnn-rnn-dataset-glove-glove840B300d-particular.csv;0.9409933543196922;0.6733743264902594;0.9577563839619315;0.9409933543196922;0.6175657800387963;0.98421836033085;0.9409933543196922;0.940236448303104;0.9409933543196922;75787978800;8510688500
3-main-fnn-rnn-dataset-glove-glove840B300d-particular.csv;0.9220006995452955;0.6376099832814731;0.9464007874531126;0.9220006995452955;0.5944639282062414;0.9834792694787641;0.9220006995452955;0.934603790435097;0.9220006995452955;76037320500;8565999300
