3-main-fnn-rnn-dataset-fasttext-wiki-news-300d-1M-subword-particular.csv;0.9332655252302651;0.6602556909467096;0.9526375669678588;0.9332655252302651;0.6093317886521752;0.9827475665476554;0.9332655252302651;0.9276359085954724;0.9332655252302651;79023981200;8937355000
3-main-fnn-rnn-dataset-fasttext-wiki-news-300d-1M-subword-particular.csv;0.9139025446874235;0.6308134157411176;0.941176285460719;0.9139025446874235;0.5911228070002286;0.9827288256662597;0.9139025446874235;0.934837809260698;0.9139025446874235;76224002700;7942635900
3-main-fnn-rnn-dataset-fasttext-wiki-news-300d-1M-subword-particular.csv;0.9098905652558814;0.6252956122349262;0.9387996897063448;0.9098905652558814;0.5879958138121972;0.9826806411194007;0.9098905652558814;0.9346374880148715;0.9098905652558814;81083507600;8184794500
3-main-fnn-rnn-dataset-fasttext-wiki-news-300d-1M-subword-particular.csv;0.9215121206984235;0.6405557307932138;0.9456404433305744;0.9215121206984235;0.5967975435040731;0.9825242847122405;0.9215121206984235;0.9285640235469169;0.9215121206984235;80625523600;9018823300
3-main-fnn-rnn-dataset-fasttext-wiki-news-300d-1M-subword-particular.csv;0.940554896310109;0.674856070591027;0.9570306262153032;0.940554896310109;0.6193452148334878;0.9830241862261152;0.940554896310109;0.9281234110024612;0.940554896310109;83395112600;7921341000
3-main-fnn-rnn-dataset-fasttext-wiki-news-300d-1M-subword-particular.csv;0.9108323444651636;0.6245948169477581;0.939296181084919;0.9108323444651636;0.5874259711536738;0.9822545764211849;0.9108323444651636;0.9258851061602067;0.9108323444651636;75817035700;8608011300
3-main-fnn-rnn-dataset-fasttext-wiki-news-300d-1M-subword-particular.csv;0.9046148050480316;0.6167223942834857;0.9356365074858874;0.9046148050480316;0.583102702288557;0.9822714039412686;0.9046148050480316;0.9268450893715163;0.9046148050480316;80258461200;11553973600
3-main-fnn-rnn-dataset-fasttext-wiki-news-300d-1M-subword-particular.csv;0.9448483706912789;0.6848100659689977;0.9596670273495849;0.9448483706912789;0.6264503330856306;0.9833300440580521;0.9448483706912789;0.9302744425385935;0.9448483706912789;75210553800;8695997200
3-main-fnn-rnn-dataset-fasttext-wiki-news-300d-1M-subword-particular.csv;0.9475795818421548;0.6883899077035857;0.9612245245171215;0.9475795818421548;0.629565626560551;0.9829237096822598;0.9475795818421548;0.9192430093497665;0.9475795818421548;81945089100;8208710200
3-main-fnn-rnn-dataset-fasttext-wiki-news-300d-1M-subword-particular.csv;0.9411753625918252;0.6771126389882713;0.9574389995436844;0.9411753625918252;0.6208566433523873;0.9832219046431866;0.9411753625918252;0.9316714801027464;0.9411753625918252;82501295700;8100906200
